QGC WPL 110
0	1	0	16	0	0	0	0	34.577822	-112.469101	584.380005	1
1	0	3	22	20.000000	0.000000	0.000000	0.000000	0.000000	0.000000	3.000000	1
2	0	3	16	0.000000	0.000000	0.000000	0.000000	3.469587	-10.534801	9.000000	1
3	0	3	206	21.059999	0.000000	0.000000	0.000000	0.000000	0.000000	0.000000	1
4	0	3	16	0.000000	0.000000	0.000000	0.000000	3.462736	-10.535401	9.000000	1
5	0	3	16	0.000000	0.000000	0.000000	0.000000	3.462833	-10.535104	9.000000	1
6	0	3	16	0.000000	0.000000	0.000000	0.000000	3.484993	-10.533163	9.000000	1
7	0	3	16	0.000000	0.000000	0.000000	0.000000	3.500399	-10.531524	9.000000	1
8	0	3	16	0.000000	0.000000	0.000000	0.000000	3.462930	-10.534807	9.000000	1
9	0	3	16	0.000000	0.000000	0.000000	0.000000	3.463027	-10.534510	9.000000	1
10	0	3	16	0.000000	0.000000	0.000000	0.000000	3.515805	-10.529884	9.000000	1
11	0	3	16	0.000000	0.000000	0.000000	0.000000	3.531211	-10.528244	9.000000	1
12	0	3	16	0.000000	0.000000	0.000000	0.000000	3.463124	-10.534213	9.000000	1
13	0	3	16	0.000000	0.000000	0.000000	0.000000	3.463221	-10.533916	9.000000	1
14	0	3	16	0.000000	0.000000	0.000000	0.000000	3.546616	-10.526604	9.000000	1
15	0	3	16	0.000000	0.000000	0.000000	0.000000	3.562022	-10.524963	9.000000	1
16	0	3	16	0.000000	0.000000	0.000000	0.000000	3.463317	-10.533619	9.000000	1
17	0	3	16	0.000000	0.000000	0.000000	0.000000	3.463414	-10.533322	9.000000	1
18	0	3	16	0.000000	0.000000	0.000000	0.000000	3.577428	-10.523322	9.000000	1
19	0	3	16	0.000000	0.000000	0.000000	0.000000	3.592834	-10.521680	9.000000	1
20	0	3	16	0.000000	0.000000	0.000000	0.000000	3.463511	-10.533025	9.000000	1
21	0	3	16	0.000000	0.000000	0.000000	0.000000	3.463608	-10.532728	9.000000	1
22	0	3	16	0.000000	0.000000	0.000000	0.000000	3.608239	-10.520037	9.000000	1
23	0	3	16	0.000000	0.000000	0.000000	0.000000	3.623645	-10.518395	9.000000	1
24	0	3	16	0.000000	0.000000	0.000000	0.000000	3.463705	-10.532431	9.000000	1
25	0	3	16	0.000000	0.000000	0.000000	0.000000	3.463802	-10.532134	9.000000	1
26	0	3	16	0.000000	0.000000	0.000000	0.000000	3.639051	-10.516751	9.000000	1
27	0	3	16	0.000000	0.000000	0.000000	0.000000	3.639722	-10.516403	9.000000	1
28	0	3	16	0.000000	0.000000	0.000000	0.000000	3.463899	-10.531837	9.000000	1
29	0	3	16	0.000000	0.000000	0.000000	0.000000	3.463996	-10.531540	9.000000	1
30	0	3	16	0.000000	0.000000	0.000000	0.000000	3.639439	-10.516139	9.000000	1
31	0	3	16	0.000000	0.000000	0.000000	0.000000	3.639157	-10.515874	9.000000	1
32	0	3	16	0.000000	0.000000	0.000000	0.000000	3.464092	-10.531243	9.000000	1
33	0	3	16	0.000000	0.000000	0.000000	0.000000	3.464189	-10.530946	9.000000	1
34	0	3	16	0.000000	0.000000	0.000000	0.000000	3.638874	-10.515610	9.000000	1
35	0	3	16	0.000000	0.000000	0.000000	0.000000	3.638592	-10.515346	9.000000	1
36	0	3	16	0.000000	0.000000	0.000000	0.000000	3.464286	-10.530649	9.000000	1
37	0	3	16	0.000000	0.000000	0.000000	0.000000	3.464383	-10.530352	9.000000	1
38	0	3	16	0.000000	0.000000	0.000000	0.000000	3.638309	-10.515081	9.000000	1
39	0	3	16	0.000000	0.000000	0.000000	0.000000	3.638027	-10.514817	9.000000	1
40	0	3	16	0.000000	0.000000	0.000000	0.000000	3.464480	-10.530054	9.000000	1
41	0	3	16	0.000000	0.000000	0.000000	0.000000	3.464577	-10.529757	9.000000	1
42	0	3	16	0.000000	0.000000	0.000000	0.000000	3.637744	-10.514553	9.000000	1
43	0	3	16	0.000000	0.000000	0.000000	0.000000	3.637462	-10.514289	9.000000	1
44	0	3	16	0.000000	0.000000	0.000000	0.000000	3.464674	-10.529460	9.000000	1
45	0	3	16	0.000000	0.000000	0.000000	0.000000	3.464771	-10.529163	9.000000	1
46	0	3	16	0.000000	0.000000	0.000000	0.000000	3.637179	-10.514024	9.000000	1
47	0	3	16	0.000000	0.000000	0.000000	0.000000	3.636896	-10.513760	9.000000	1
48	0	3	16	0.000000	0.000000	0.000000	0.000000	3.464868	-10.528866	9.000000	1
49	0	3	16	0.000000	0.000000	0.000000	0.000000	3.464964	-10.528569	9.000000	1
50	0	3	16	0.000000	0.000000	0.000000	0.000000	3.636614	-10.513496	9.000000	1
51	0	3	16	0.000000	0.000000	0.000000	0.000000	3.636331	-10.513231	9.000000	1
52	0	3	16	0.000000	0.000000	0.000000	0.000000	3.465061	-10.528272	9.000000	1
53	0	3	16	0.000000	0.000000	0.000000	0.000000	3.465158	-10.527975	9.000000	1
54	0	3	16	0.000000	0.000000	0.000000	0.000000	3.636049	-10.512967	9.000000	1
55	0	3	16	0.000000	0.000000	0.000000	0.000000	3.635766	-10.512703	9.000000	1
56	0	3	16	0.000000	0.000000	0.000000	0.000000	3.000000	-10.512703	9.000000	1
57	0	3	16	0.000000	0.000000	0.000000	0.000000	3.465352	-10.527381	9.000000	1
58	0	3	16	0.000000	0.000000	0.000000	0.000000	3.635484	-10.512439	9.000000	1
59	0	3	16	0.000000	0.000000	0.000000	0.000000	3.635201	-10.512174	9.000000	1
60	0	3	16	0.000000	0.000000	0.000000	0.000000	3.465449	-10.527084	9.000000	1
61	0	3	16	0.000000	0.000000	0.000000	0.000000	3.465546	-10.526787	9.000000	1
62	0	3	16	0.000000	0.000000	0.000000	0.000000	3.634918	-10.511910	9.000000	1
63	0	3	16	0.000000	0.000000	0.000000	0.000000	3.634636	-10.511646	9.000000	1
64	0	3	16	0.000000	0.000000	0.000000	0.000000	3.465643	-10.526490	9.000000	1
65	0	3	16	0.000000	0.000000	0.000000	0.000000	3.465739	-10.526193	9.000000	1
66	0	3	16	0.000000	0.000000	0.000000	0.000000	3.634353	-10.511381	9.000000	1
67	0	3	16	0.000000	0.000000	0.000000	0.000000	3.634071	-10.511117	9.000000	1
68	0	3	16	0.000000	0.000000	0.000000	0.000000	3.465836	-10.525896	9.000000	1
69	0	3	16	0.000000	0.000000	0.000000	0.000000	3.465933	-10.525599	9.000000	1
70	0	3	16	0.000000	0.000000	0.000000	0.000000	3.633788	-10.510853	9.000000	1
71	0	3	16	0.000000	0.000000	0.000000	0.000000	3.633506	-10.510589	9.000000	1
72	0	3	16	0.000000	0.000000	0.000000	0.000000	3.466030	-10.525302	9.000000	1
73	0	3	16	0.000000	0.000000	0.000000	0.000000	3.466127	-10.525005	9.000000	1
74	0	3	16	0.000000	0.000000	0.000000	0.000000	3.633223	-10.510324	9.000000	1
75	0	3	16	0.000000	0.000000	0.000000	0.000000	3.632940	-10.510060	9.000000	1
76	0	3	16	0.000000	0.000000	0.000000	0.000000	3.466224	-10.524708	9.000000	1
77	0	3	16	0.000000	0.000000	0.000000	0.000000	3.466321	-10.524411	9.000000	1
78	0	3	16	0.000000	0.000000	0.000000	0.000000	3.632658	-10.509796	9.000000	1
79	0	3	16	0.000000	0.000000	0.000000	0.000000	3.632375	-10.509532	9.000000	1
80	0	3	16	0.000000	0.000000	0.000000	0.000000	3.466417	-10.524114	9.000000	1
81	0	3	16	0.000000	0.000000	0.000000	0.000000	3.466514	-10.523817	9.000000	1
82	0	3	16	0.000000	0.000000	0.000000	0.000000	3.632093	-10.509267	9.000000	1
83	0	3	16	0.000000	0.000000	0.000000	0.000000	3.631810	-10.509003	9.000000	1
84	0	3	16	0.000000	0.000000	0.000000	0.000000	3.466611	-10.523519	9.000000	1
85	0	3	16	0.000000	0.000000	0.000000	0.000000	3.466708	-10.523222	9.000000	1
86	0	3	16	0.000000	0.000000	0.000000	0.000000	3.631527	-10.508739	9.000000	1
87	0	3	16	0.000000	0.000000	0.000000	0.000000	3.631245	-10.508474	9.000000	1
88	0	3	16	0.000000	0.000000	0.000000	0.000000	3.466805	-10.522925	9.000000	1
89	0	3	16	0.000000	0.000000	0.000000	0.000000	3.466902	-10.522628	9.000000	1
90	0	3	16	0.000000	0.000000	0.000000	0.000000	3.630962	-10.508210	9.000000	1
91	0	3	16	0.000000	0.000000	0.000000	0.000000	3.630680	-10.507946	9.000000	1
92	0	3	16	0.000000	0.000000	0.000000	0.000000	3.466999	-10.522331	9.000000	1
93	0	3	16	0.000000	0.000000	0.000000	0.000000	3.467096	-10.522034	9.000000	1
94	0	3	16	0.000000	0.000000	0.000000	0.000000	3.630397	-10.507682	9.000000	1
95	0	3	16	0.000000	0.000000	0.000000	0.000000	3.630115	-10.507417	9.000000	1
96	0	3	16	0.000000	0.000000	0.000000	0.000000	3.467192	-10.521737	9.000000	1
97	0	3	16	0.000000	0.000000	0.000000	0.000000	3.467289	-10.521440	9.000000	1
98	0	3	16	0.000000	0.000000	0.000000	0.000000	3.629832	-10.507153	9.000000	1
99	0	3	16	0.000000	0.000000	0.000000	0.000000	3.629549	-10.506889	9.000000	1
